[backgroundbw.jpg]
filters=bw=1;Comicize=1,0.000000,100.000000,0.000000;
moddate=72ef2aaed86ed001
width=1605
height=1497
textactive=0
